97 98 1
98 97 1
98 99 2
98 106 1
98 107 2
98 125 3
99 98 2
99 100 3
99 101 3
99 102 3
100 99 3
100 101 1
100 103 2
100 105 3
101 99 3
101 100 1
101 103 2
101 104 2
102 99 3
102 104 1
102 105 1
103 100 2
103 101 2
103 106 3
104 101 2
104 102 1
104 106 1
105 100 3
105 102 1
105 106 2
106 98 1
106 103 3
106 104 1
106 105 2
107 98 3
107 108 2
107 115 1
107 116 2
107 170 2
108 107 2
108 109 3
108 110 3
108 111 3
109 108 3
109 110 1
109 112 2
109 114 3
110 108 3
110 109 1
110 112 2
110 113 2
111 108 3
111 113 1
111 114 1
112 109 2
112 110 2
112 115 3
113 110 2
113 111 1
113 115 1
114 109 3
114 111 1
114 115 2
115 107 1
115 112 3
115 113 1
115 114 2
116 107 3
116 117 2
116 124 1
116 134 2
117 116 2
117 118 3
117 119 3
117 120 3
118 117 3
118 119 1
118 121 2
118 123 3
119 117 3
119 118 1
119 121 2
119 122 2
120 117 3
120 122 1
120 123 1
121 118 2
121 119 2
121 124 3
122 101 2
122 120 1
122 124 1
123 118 3
123 120 1
123 124 2
124 116 1
124 121 3
124 122 1
124 123 2
125 98 2
125 126 2
125 133 1
125 161 3
125 193 2
126 125 2
126 127 3
126 128 3
126 129 3
127 126 3
127 130 1
127 131 1
128 126 3
128 129 1
128 131 2
128 132 2
129 126 3
129 128 1
129 132 2
129 130 3
130 127 1
130 129 3
130 133 2
131 127 1
131 128 2
131 133 1
132 128 2
132 129 2
132 133 3
133 125 1
133 129 2
133 130 3
133 131 1
134 116 3
134 135 2
134 142 1
134 143 2
135 134 2
135 136 3
135 137 3
135 138 3
136 135 3
136 137 1
136 139 2
136 141 3
137 135 3
137 136 1
137 139 2
137 140 2
138 135 3
138 140 1
138 141 1
139 136 2
139 137 2
139 142 3
140 137 2
140 138 1
140 142 1
141 136 3
141 138 1
141 142 2
142 134 1
142 139 3
142 140 1
142 141 2
143 134 3
143 144 2
143 151 1
143 152 2
144 143 2
144 145 3
144 146 3
144 147 3
145 144 3
145 146 1
145 148 2
145 150 3
146 144 3
146 145 1
146 148 2
146 149 2
147 144 3
147 149 1
147 150 1
148 145 2
148 146 2
148 151 3
149 146 2
149 147 1
149 151 1
150 145 3
150 147 1
150 151 2
151 143 1
151 148 3
151 149 1
151 150 2
152 143 3
152 153 2
152 160 1
152 161 2
153 152 2
153 154 3
153 155 3
153 156 3
154 153 3
154 155 1
154 157 2
154 159 3
155 153 3
155 154 1
155 157 2
155 158 2
156 153 3
156 154 1
156 159 1
157 154 2
157 155 2
157 160 3
158 155 2
158 156 1
158 160 1
159 164 3
159 166 1
159 160 2
160 152 1
160 157 3
160 158 1
160 159 2
161 152 2
161 162 2
161 169 1
161 125 2
162 161 2
162 163 3
162 164 3
162 165 3
163 162 3
163 164 1
163 166 2
163 168 3
164 162 3
164 163 1
164 166 2
164 167 2
165 162 3
165 167 1
165 168 1
166 163 2
166 164 2
166 169 3
167 164 2
167 165 1
167 169 1
168 163 3
168 165 1
168 169 2
169 161 1
169 166 3
169 167 1
169 168 2
170 107 2
170 171 1
170 175 2
171 170 1
171 172 3
171 173 2
171 174 4
172 171 3
172 173 3
173 171 2
173 172 3
174 171 4
174 175 4
174 178 2
175 170 2
175 174 4
175 176 1
175 177 2
176 175 1
176 177 2
177 176 2
177 175 2
178 174 1
178 179 1
178 183 2
179 178 1
179 180 6
179 181 2
179 182 4
180 179 3
181 181 3
181 179 2
181 180 3
182 179 4
182 183 4
182 186 2
183 179 2
183 182 4
183 184 1
183 185 2
184 183 1
184 185 2
185 183 2
185 184 2
186 182 2
186 187 1
186 191 2
187 186 1
187 188 3
187 189 2
187 190 4
188 187 3
188 189 3
189 187 2
189 188 3
190 187 4
190 191 4
190 125 2
191 186 2
191 190 4
191 192 1
191 193 2
192 191 1
192 193 2
193 191 2
193 192 2
