27
1 2 2 2 2 4 1 3 2 4 1 3 2 4 1 3 2 2 1 1 2 1 1 2 1 1 2

99

0 1 1
1 0 1
1 2 2
1 3 2
1 4 2
2 1 2
2 5 3
2 6 1
2 7 2
2 8 2
3 1 2
3 9 3
3 10 1
3 11 2
3 12 2
4 1 2
4 13 3
4 14 1
4 15 2 
4 16 2
5 2 3 
5 17 1
5 18 2
6 2 1
6 18 2
6 19 1
7 2 2 
7 17 2
7 19 1
8 2 2
8 16 3
8 20 3
8 21 3
8 22 3
8 26 3
9 3 3
9 10 1
9 20 1
9 21 2
10 3 1
10 21 2
10 22 1
11 3 2
11 20 2
11 22 1
12 3 2
12 23 3
12 24 3
12 25 3
12 26 3
13 4 3
13 23 1
13 24 2
14 4 1
14 24 2
14 25 1
15 4 2
15 23 2
15 25 1
16 4 2
16 8 3
16 17 3
16 18 3
16 19 3
16 26 3
17 5 1
17 7 2
17 18 1
17 16 3
18 5 2
18 6 2
18 16 3
18 17 1
19 6 1
19 7 1
19 16 3
20 8 3
20 9 1
20 11 2
21 8 3
21 9 2
21 10 2
22 8 3
22 10 1
22 11 1
23 12 3
23 13 1
23 15 2
23 24 1
24 12 3
24 13 2
24 14 2
24 23 1
25 12 3
25 14 1
25 15 1
26 8 3
26 12 3
26 16 3

6

0 26