97
1 1 3 2 1 1 4 1 3 2 1 3 2 1 1 4 1 3 2 1 3 2 1 1 4 1 3 2 1 3 1 1 2 3 1 4 2 1 3 2 1 1 4 1 3 2 1 3 2 1 1 4 1 3 2 1 3 2 1 1 4 1 3 2 1 3 1 1 2 3 1 4 2 1 2 6 3 2 1 2 6 1 2 6 3 2 1 2 6 1 2 6 3 2 1 2 6

326

0 1 1
1 0 1
1 2 2
1 9 1
1 10 2
1 28 3
2 1 2
2 3 3
2 4 3
2 5 3
3 2 3
3 4 1
3 6 2
3 8 3
4 2 3
4 3 1
4 6 2
4 7 2
5 2 3
5 7 1
5 8 1
6 3 2
6 4 2
6 9 3
7 4 2
7 5 1
7 9 1
8 3 3
8 5 1
8 9 2
9 1 1
9 6 3
9 7 1
9 8 2
10 1 3
10 11 2
10 18 1
10 19 2
10 73 2
11 10 2
11 12 3
11 13 3
11 14 3
12 11 3
12 13 1
12 15 2
12 17 3
13 11 3
13 12 1
13 15 2
13 16 2
14 11 3
14 16 1
14 17 1
15 12 2
15 13 2
15 18 3
16 13 2
16 14 1
16 18 1
17 12 3
17 14 1
17 18 2
18 10 1
18 15 3
18 16 1
18 17 2
19 10 3
19 20 2
19 27 1
19 37 2
20 19 2
20 21 3
20 22 3
20 23 3
21 20 3
21 22 1
21 24 2
21 26 3
22 20 3
22 21 1
22 24 2
22 25 2
23 20 3
23 25 1
23 26 1
24 21 2
24 22 2
24 27 3
25 4 2
25 23 1
25 27 1
26 21 3
26 23 1
26 27 2
27 19 1
27 24 3
27 25 1
27 26 2
28 1 2
28 29 2
28 36 1
28 64 3
28 96 2
29 28 2
29 30 3
29 31 3
29 32 3
30 29 3
30 33 1
30 34 1
31 29 3
31 32 1
31 34 2
31 35 2
32 29 3
32 31 1
32 35 2
32 33 3
33 30 1
33 32 3
33 36 2
34 30 1
34 31 2
34 36 1
35 31 2
35 32 2
35 36 3
36 28 1
36 32 2
36 33 3
36 34 1
37 19 3
37 38 2
37 45 1
37 46 2
38 37 2
38 39 3
38 40 3
38 41 3
39 38 3
39 40 1
39 42 2
39 44 3
40 38 3
40 39 1
40 42 2
40 43 2
41 38 3
41 43 1
41 44 1
42 39 2
42 40 2
42 45 3
43 40 2
43 41 1
43 45 1
44 39 3
44 41 1
44 45 2
45 37 1
45 42 3
45 43 1
45 44 2
46 37 3
46 47 2
46 54 1
46 55 2
47 46 2
47 48 3
47 49 3
47 50 3
48 47 3
48 49 1
48 51 2
48 53 3
49 47 3
49 48 1
49 51 2
49 52 2
50 47 3
50 52 1
50 53 1
51 48 2
51 49 2
51 54 3
52 49 2
52 50 1
52 54 1
53 48 3
53 50 1
53 54 2
54 46 1
54 51 3
54 52 1
54 53 2
55 46 3
55 56 2
55 63 1
55 64 2
56 55 2
56 57 3
56 58 3
56 59 3
57 56 3
57 58 1
57 60 2
57 62 3
58 56 3
58 57 1
58 60 2
58 61 2
59 56 3
59 57 1
59 62 1
60 57 2
60 58 2
60 63 3
61 58 2
61 59 1
61 63 1
62 67 3
62 69 1
62 63 2
63 55 1
63 60 3
63 61 1
63 62 2
64 55 2
64 65 2
64 72 1
64 28 2
65 64 2
65 66 3
65 67 3
65 68 3
66 65 3
66 67 1
66 69 2
66 71 3
67 65 3
67 66 1
67 69 2
67 70 2
68 65 3
68 70 1
68 71 1
69 66 2
69 67 2
69 72 3
70 67 2
70 68 1
70 72 1
71 66 3
71 68 1
71 72 2
72 64 1
72 69 3
72 70 1
72 71 2
73 10 2
73 74 1
73 78 2
74 73 1
74 75 3
74 76 2
74 77 4
75 74 3
75 76 3
76 74 2
76 75 3
77 74 4
77 78 4
77 81 2
78 73 2
78 77 4
78 79 1
78 80 2
79 78 1
79 80 2
80 79 2
80 78 2
81 77 1
81 82 1
81 86 2
82 81 1
82 83 6
82 84 2
82 85 4
83 82 3 
84 84 3
84 82 2
84 83 3
85 82 4
85 86 4
85 89 2
86 82 2
86 85 4
86 87 1
86 88 2
87 86 1
87 88 2
88 86 2
88 87 2
89 85 2
89 90 1
89 94 2
90 89 1
90 91 3
90 92 2
90 93 4
91 90 3
91 92 3
92 90 2
92 91 3
93 90 4
93 94 4
93 28 2
94 89 2
94 93 4
94 95 1
94 96 2
95 94 1
95 96 2
96 94 2
96 95 2

6

0 29