194
1 1 3 2 1 1 4 1 3 2 1 3 2 1 1 4 1 3 2 1 3 2 1 1 4 1 3 2 1 3 1 1 2 3 1 4 2 1 3 2 1 1 4 1 3 2 1 3 2 1 1 4 1 3 2 1 3 2 1 1 4 1 3 2 1 3 1 1 2 3 1 4 2 1 2 6 3 2 1 2 6 1 2 6 3 2 1 2 6 1 2 6 3 2 1 2 6 1 1 3 2 1 1 4 1 3 2 1 3 2 1 1 4 1 3 2 1 3 2 1 1 4 1 3 2 1 3 1 1 2 3 1 4 2 1 3 2 1 1 4 1 3 2 1 3 2 1 1 4 1 3 2 1 3 2 1 1 4 1 3 2 1 3 1 1 2 3 1 4 2 1 2 6 3 2 1 2 6 1 2 6 3 2 1 2 6 1 2 6 3 2 1 2 6


654

0 1 1
1 0 1
1 2 2
1 9 1
1 10 2
1 28 3
1 98 1
2 1 2
2 3 3
2 4 3
2 5 3
3 2 3
3 4 1
3 6 2
3 8 3
4 2 3
4 3 1
4 6 2
4 7 2
5 2 3
5 7 1
5 8 1
6 3 2
6 4 2
6 9 3
7 4 2
7 5 1
7 9 1
8 3 3
8 5 1
8 9 2
9 1 1
9 6 3
9 7 1
9 8 2
10 1 3
10 11 2
10 18 1
10 19 2
10 73 2
11 10 2
11 12 3
11 13 3
11 14 3
12 11 3
12 13 1
12 15 2
12 17 3
13 11 3
13 12 1
13 15 2
13 16 2
14 11 3
14 16 1
14 17 1
15 12 2
15 13 2
15 18 3
16 13 2
16 14 1
16 18 1
17 12 3
17 14 1
17 18 2
18 10 1
18 15 3
18 16 1
18 17 2
19 10 3
19 20 2
19 27 1
19 37 2
20 19 2
20 21 3
20 22 3
20 23 3
21 20 3
21 22 1
21 24 2
21 26 3
22 20 3
22 21 1
22 24 2
22 25 2
23 20 3
23 25 1
23 26 1
24 21 2
24 22 2
24 27 3
25 4 2
25 23 1
25 27 1
26 21 3
26 23 1
26 27 2
27 19 1
27 24 3
27 25 1
27 26 2
28 1 2
28 29 2
28 36 1
28 64 3
28 96 2
29 28 2
29 30 3
29 31 3
29 32 3
30 29 3
30 33 1
30 34 1
31 29 3
31 32 1
31 34 2
31 35 2
32 29 3
32 31 1
32 35 2
32 33 3
33 30 1
33 32 3
33 36 2
34 30 1
34 31 2
34 36 1
35 31 2
35 32 2
35 36 3
36 28 1
36 32 2
36 33 3
36 34 1
37 19 3
37 38 2
37 45 1
37 46 2
38 37 2
38 39 3
38 40 3
38 41 3
39 38 3
39 40 1
39 42 2
39 44 3
40 38 3
40 39 1
40 42 2
40 43 2
41 38 3
41 43 1
41 44 1
42 39 2
42 40 2
42 45 3
43 40 2
43 41 1
43 45 1
44 39 3
44 41 1
44 45 2
45 37 1
45 42 3
45 43 1
45 44 2
46 37 3
46 47 2
46 54 1
46 55 2
47 46 2
47 48 3
47 49 3
47 50 3
48 47 3
48 49 1
48 51 2
48 53 3
49 47 3
49 48 1
49 51 2
49 52 2
50 47 3
50 52 1
50 53 1
51 48 2
51 49 2
51 54 3
52 49 2
52 50 1
52 54 1
53 48 3
53 50 1
53 54 2
54 46 1
54 51 3
54 52 1
54 53 2
55 46 3
55 56 2
55 63 1
55 64 2
56 55 2
56 57 3
56 58 3
56 59 3
57 56 3
57 58 1
57 60 2
57 62 3
58 56 3
58 57 1
58 60 2
58 61 2
59 56 3
59 57 1
59 62 1
60 57 2
60 58 2
60 63 3
61 58 2
61 59 1
61 63 1
62 67 3
62 69 1
62 63 2
63 55 1
63 60 3
63 61 1
63 62 2
64 55 2
64 65 2
64 72 1
64 28 2
65 64 2
65 66 3
65 67 3
65 68 3
66 65 3
66 67 1
66 69 2
66 71 3
67 65 3
67 66 1
67 69 2
67 70 2
68 65 3
68 70 1
68 71 1
69 66 2
69 67 2
69 72 3
70 67 2
70 68 1
70 72 1
71 66 3
71 68 1
71 72 2
72 64 1
72 69 3
72 70 1
72 71 2
73 10 2
73 74 1
73 78 2
74 73 1
74 75 3
74 76 2
74 77 4
75 74 3
75 76 3
76 74 2
76 75 3
77 74 4
77 78 4
77 81 2
78 73 2
78 77 4
78 79 1
78 80 2
79 78 1
79 80 2
80 79 2
80 78 2
81 77 1
81 82 1
81 86 2
82 81 1
82 83 6
82 84 2
82 85 4
83 82 3 
84 84 3
84 82 2
84 83 3
85 82 4
85 86 4
85 89 2
86 82 2
86 85 4
86 87 1
86 88 2
87 86 1
87 88 2
88 86 2
88 87 2
89 85 2
89 90 1
89 94 2
90 89 1
90 91 3
90 92 2
90 93 4
91 90 3
91 92 3
92 90 2
92 91 3
93 90 4
93 94 4
93 28 2
94 89 2
94 93 4
94 95 1
94 96 2
95 94 1
95 96 2
96 94 2
96 95 2

98 1 1
98 97 1
98 99 2
98 106 1
98 107 2
98 125 3
99 98 2
99 100 3
99 101 3
99 102 3
100 99 3
100 101 1
100 103 2
100 105 3
101 99 3
101 100 1
101 103 2
101 104 2
102 99 3
102 104 1
102 105 1
103 100 2
103 101 2
103 106 3
104 101 2
104 102 1
104 106 1
105 100 3
105 102 1
105 106 2
106 98 1
106 103 3
106 104 1
106 105 2
107 98 3
107 108 2
107 115 1
107 116 2
107 170 2
108 107 2
108 109 3
108 110 3
108 111 3
109 108 3
109 110 1
109 112 2
109 114 3
110 108 3
110 109 1
110 112 2
110 113 2
111 108 3
111 113 1
111 114 1
112 109 2
112 110 2
112 115 3
113 110 2
113 111 1
113 115 1
114 109 3
114 111 1
114 115 2
115 107 1
115 112 3
115 113 1
115 114 2
116 107 3
116 117 2
116 124 1
116 134 2
117 116 2
117 118 3
117 119 3
117 120 3
118 117 3
118 119 1
118 121 2
118 123 3
119 117 3
119 118 1
119 121 2
119 122 2
120 117 3
120 122 1
120 123 1
121 118 2
121 119 2
121 124 3
122 101 2
122 120 1
122 124 1
123 118 3
123 120 1
123 124 2
124 116 1
124 121 3
124 122 1
124 123 2
125 98 2
125 126 2
125 133 1
125 161 3
125 193 2
126 29 1
126 125 2
126 127 3
126 128 3
126 129 3
127 126 3
127 130 1
127 131 1
128 126 3
128 129 1
128 131 2
128 132 2
129 126 3
129 128 1
129 132 2
129 130 3
130 127 1
130 129 3
130 133 2
131 127 1
131 128 2
131 133 1
132 128 2
132 129 2
132 133 3
133 125 1
133 129 2
133 130 3
133 131 1
134 116 3
134 135 2
134 142 1
134 143 2
135 134 2
135 136 3
135 137 3
135 138 3
136 135 3
136 137 1
136 139 2
136 141 3
137 135 3
137 136 1
137 139 2
137 140 2
138 135 3
138 140 1
138 141 1
139 136 2
139 137 2
139 142 3
140 137 2
140 138 1
140 142 1
141 136 3
141 138 1
141 142 2
142 134 1
142 139 3
142 140 1
142 141 2
143 134 3
143 144 2
143 151 1
143 152 2
144 143 2
144 145 3
144 146 3
144 147 3
145 144 3
145 146 1
145 148 2
145 150 3
146 144 3
146 145 1
146 148 2
146 149 2
147 144 3
147 149 1
147 150 1
148 145 2
148 146 2
148 151 3
149 146 2
149 147 1
149 151 1
150 145 3
150 147 1
150 151 2
151 143 1
151 148 3
151 149 1
151 150 2
152 143 3
152 153 2
152 160 1
152 161 2
153 152 2
153 154 3
153 155 3
153 156 3
154 153 3
154 155 1
154 157 2
154 159 3
155 153 3
155 154 1
155 157 2
155 158 2
156 153 3
156 154 1
156 159 1
157 154 2
157 155 2
157 160 3
158 155 2
158 156 1
158 160 1
159 164 3
159 166 1
159 160 2
160 152 1
160 157 3
160 158 1
160 159 2
161 152 2
161 162 2
161 169 1
161 125 2
162 161 2
162 163 3
162 164 3
162 165 3
163 162 3
163 164 1
163 166 2
163 168 3
164 162 3
164 163 1
164 166 2
164 167 2
165 162 3
165 167 1
165 168 1
166 163 2
166 164 2
166 169 3
167 164 2
167 165 1
167 169 1
168 163 3
168 165 1
168 169 2
169 161 1
169 166 3
169 167 1
169 168 2
170 107 2
170 171 1
170 175 2
171 170 1
171 172 3
171 173 2
171 174 4
172 171 3
172 173 3
173 171 2
173 172 3
174 171 4
174 175 4
174 178 2
175 170 2
175 174 4
175 176 1
175 177 2
176 175 1
176 177 2
177 176 2
177 175 2
178 174 1
178 179 1
178 183 2
179 178 1
179 180 6
179 181 2
179 182 4
180 179 3
181 181 3
181 179 2
181 180 3
182 179 4
182 183 4
182 186 2
183 179 2
183 182 4
183 184 1
183 185 2
184 183 1
184 185 2
185 183 2
185 184 2
186 182 2
186 187 1
186 191 2
187 186 1
187 188 3
187 189 2
187 190 4
188 187 3
188 189 3
189 187 2
189 188 3
190 187 4
190 191 4
190 125 2
191 186 2
191 190 4
191 192 1
191 193 2
192 191 1
192 193 2
193 191 2
193 192 2

6

0 29