37
1 1 3 2 1 1 4 1 3 2 1 3 2 1 1 4 1 3 2 1 3 1 1 2 3 1 4 2 1 3 1 1 2 3 1 4 2

130

0 1 1
1 0 1
1 2 2
1 9 1
1 10 2
1 28 3
2 1 2
2 3 3
2 4 3
2 5 3
3 2 3
3 4 1
3 6 2
3 8 3
4 2 3
4 3 1
4 6 2
4 7 2
5 2 3
5 7 1
5 8 1
6 3 2
6 4 2
6 9 3
7 4 2
7 5 1
7 9 1
8 3 3
8 5 1
8 9 2
9 1 1
9 6 3
9 7 1
9 8 2
10 1 3
10 11 2
10 18 1
10 19 2
11 10 2
11 12 3
11 13 3
11 14 3
12 11 3
12 13 1
12 15 2
12 17 3
13 11 3
13 12 1
13 15 2
13 16 2
14 11 3
14 16 1
14 17 1
15 12 2
15 13 2
15 18 3
16 13 2
16 14 1
16 18 1
17 12 3
17 14 1
17 18 2
18 10 1
18 15 3
18 16 1
18 17 2
19 10 3
19 20 2
19 27 1
19 28 2
20 19 2
20 21 3
20 22 3
20 23 3
21 20 3
21 22 1
21 24 2
21 26 3
22 20 3
22 21 1
22 24 2
22 25 2
23 20 3
23 25 1
23 26 1
24 21 2
24 22 2
24 27 3
25 4 2
25 23 1
25 27 1
26 21 3
26 23 1
26 27 2
27 19 1
27 24 3
27 25 1
27 26 2
28 1 2
28 19 3
28 29 2
28 36 1
29 28 2
29 30 3
29 31 3
29 32 3
30 29 3
30 33 1
30 34 1
31 29 3
31 32 1
31 34 2
31 35 2
32 29 3
32 31 1
32 35 2
32 33 3
33 30 1
33 32 3
33 36 2
34 30 1
34 31 2
34 36 1
35 31 2
35 32 2
35 36 3
36 28 1
36 33 2
36 34 1
36 35 3

6

1 29